李冰 103000198004053700 10.28 657 0.8025
李永香 973102199703137184 2.2 154 0.5675
张艳青 541882199504079175 7.16 332 0.53
李春绍 400810198001064861 6.27 1077 0.78
张平 120044198803019416 9.2 415 0.645
路天翔 861962199303057683 11.28 667 0.37
张春磊 827155199906025021 5.23 1329 0.2025
遐思吾 343772199505113701 5.24 407 0.5075
张淑宁 859432199703199562 9.7 371 0.075
张东方 417118199308176678 1.20 480 0.415
宝景明 065382199503184704 4.18 612 0.765
荣花犹 579184199101184884 12.9 194 0.685
桂兰 010957198607166531 3.13 606 0.0875
李蒙蒙 725750199904039340 8.28 414 0.5025
郑佩佩 889143199500185913 7.24 471 0.8975
荣花犹 579184199101184884 1.27 469 0.4025
马长海 329052199706050248 11.4 1569 0.255
姜淑英 325436199300193815 12.16 381 0.585
永时芳 667004198604107966 1.4 671 0.805
遐思吾 343772199505113701 3.21 241 0.765
张东方 417118199308176678 10.1 327 0.735
张瑞玲 110108198207007152 8.1 189 0.12
桂兰 010957198607166531 7.12 654 0.12
李景红 065732199502115678 8.11 622 0.42
张东帅 485505198201136530 3.21 713 0.0875
桂兰 010957198607166531 12.24 734 0.01
史望亭 308206198409119664 3.6 331 0.125
张永山 362513198406112458 11.25 282 0.53
弭爱利 269401198802044603 12.20 477 0.2525
张景景 824046199909033630 3.28 1050 0.2175
李春波 530273198407088759 6.17 470 0.7075
郑佩佩 889143199500185913 5.12 306 0.46
付友米 713482199506196541 9.5 1514 0.7875
宝景明 065382199503184704 3.27 1601 0.0525
皋建杰 052072199506116755 10.28 251 0.03
皋建杰 052072199506116755 2.26 660 0.66
李健康 858196199906045333 10.14 1237 0.4925
李雅 393114198807108871 1.24 171 0.4125
李依珂 348040198205158937 3.25 439 0.0425
张景景 824046199909033630 3.28 1143 0.165
遐思吾 343772199505113701 11.16 565 0.0525
张东帅 485505198201136530 7.4 1258 0.4325
刁秀菊 039199199907127627 1.1 214 0.0525
李蒙蒙 725750199904039340 5.3 468 0.09
桂兰 010957198607166531 12.21 737 0.735
孝秀芹 997003198209139023 11.1 521 0.075
敛金利 944792199705025524 12.6 571 0.06
李冰 103000198004053700 2.8 421 0.725
李蒙蒙 725750199904039340 1.20 1330 0.8
张瑞玲 110108198207007152 1.6 442 0.8475
候德九 118101198007018116 11.13 1728 0.4025
荣花犹 579184199101184884 12.1 150 0.18
允旭 921598199706043994 8.3 1387 0.71
荣花犹 579184199101184884 6.21 411 0.8275
李永香 973102199703137184 5.5 678 0.7475
张东方 417118199308176678 8.27 564 0.6775
皋建杰 052072199506116755 7.22 360 0.01
郑佩佩 889143199500185913 3.27 205 0.26
荣花犹 579184199101184884 4.14 684 0.165
李依珂 348040198205158937 6.8 376 0.155
孝秀芹 997003198209139023 8.24 664 0.8325
史望亭 308206198409119664 8.27 450 0.28
史望亭 308206198409119664 2.15 434 0.1025
永时芳 667004198604107966 8.13 167 0.03
付友米 713482199506196541 4.27 1028 0.18
张景景 824046199909033630 4.26 1590 0.72
李金伟 356853198609086040 7.10 311 0.895
张瑞玲 110108198207007152 5.7 1100 0.49
宝景明 065382199503184704 8.17 1851 0.0325
摩秀云 530109198409178254 12.1 1639 0.495
李景红 065732199502115678 1.25 408 0.5225
张东帅 485505198201136530 3.16 328 0.5325
李桂霞 240741198600164006 7.20 297 0.2125
李永香 973102199703137184 4.27 708 0.89
李义霞 129869199101060030 9.21 513 0.65
张芳 830622199907197485 4.24 706 0.5775
张淑宁 859432199703199562 4.10 249 0.38
候德九 118101198007018116 9.21 1566 0.8325
李金磊 305123199304020849 7.13 459 0.2475
张平 120044198803019416 7.4 234 0.67
孝秀芹 997003198209139023 6.27 217 0.18
张瑞玲 110108198207007152 6.4 673 0.075
李义霞 129869199101060030 4.13 224 0.405
李钰 029717199505142710 8.25 378 0.0675
敛金利 944792199705025524 11.24 1597 0.3325
遐思吾 343772199505113701 7.27 661 0.8225
张景景 824046199909033630 8.13 481 0.035
孝秀芹 997003198209139023 11.18 563 0.8
李健康 858196199906045333 11.13 859 0.5125
弭爱利 269401198802044603 5.7 1630 0.2525
李春绍 400810198001064861 4.6 1279 0.755
李春绍 400810198001064861 9.4 1381 0.295
公卫红 147113199108186558 7.18 306 0.2675
张亚楠 563126199504063905 4.9 296 0.3175
李蒙蒙 725750199904039340 5.28 1829 0.51
宝景明 065382199503184704 4.19 516 0.69
郑佩佩 889143199500185913 5.27 238 0.7975
刁秀菊 039199199907127627 9.21 1362 0.37
付友米 713482199506196541 10.6 1883 0.2875
张永山 362513198406112458 12.11 509 0.2575
张淑宁 859432199703199562 7.21 204 0.825
付友米 713482199506196541 10.11 328 0.8375
孝秀芹 997003198209139023 9.18 345 0.0975
李雅 393114198807108871 7.25 673 0.8925
李依珂 348040198205158937 12.11 381 0.17
荣花犹 579184199101184884 3.26 220 0.405
宝景明 065382199503184704 3.17 564 0.61
李永香 973102199703137184 10.12 120 0.365
张景景 824046199909033630 10.2 334 0.5025
郑佩佩 889143199500185913 11.27 610 0.66
荣花犹 579184199101184884 1.3 331 0.19
张春磊 827155199906025021 1.16 222 0.8925
遐思吾 343772199505113701 2.2 514 0.7725
李健康 858196199906045333 1.16 241 0.1375
姜淑英 325436199300193815 9.2 678 0.89
李蒙蒙 725750199904039340 11.9 116 0.2275
路天翔 861962199303057683 7.8 422 0.91
张淑宁 859432199703199562 12.9 555 0.2275
张东方 417118199308176678 6.3 503 0.4525
张景景 824046199909033630 6.13 1653 0.2875
张东方 417118199308176678 2.12 689 0.4675
孝秀芹 997003198209139023 11.15 710 0.65
候德九 118101198007018116 10.24 1098 0.015
永时芳 667004198604107966 2.3 176 0.2025
摩秀云 530109198409178254 11.14 764 0.515
李纪阳 060033198805004571 1.24 1542 0.4525
李健康 858196199906045333 8.11 1045 0.01
张春磊 827155199906025021 8.25 1648 0.675
马长海 329052199706050248 7.23 192 0.0175
皋建杰 052072199506116755 1.9 493 0.7825
永时芳 667004198604107966 4.28 1172 0.1625
孝秀芹 997003198209139023 10.22 236 0.185
张艳杰 937507198400098400 2.24 507 0.28
李雅 393114198807108871 11.13 366 0.5575
弭爱利 269401198802044603 11.3 1515 0.075
史望亭 308206198409119664 3.6 227 0.655
张瑞玲 110108198207007152 1.28 531 0.2725
李永香 973102199703137184 8.10 1224 0.16
李纪阳 060033198805004571 6.3 227 0.15
郑佩佩 889143199500185913 6.14 294 0.8425
张东帅 485505198201136530 8.25 1679 0.885
李纪阳 060033198805004571 8.8 1100 0.7175
张芳 830622199907197485 3.26 441 0.475
李桂霞 240741198600164006 2.14 279 0.56
允旭 921598199706043994 2.2 358 0.835
桂兰 010957198607166531 8.25 718 0.9
史望亭 308206198409119664 3.5 569 0.4225
桂兰 010957198607166531 9.16 642 0.895
皋建杰 052072199506116755 11.27 712 0.74
李景红 065732199502115678 10.11 913 0.305
宝景明 065382199503184704 4.20 735 0.125
李冰 103000198004053700 1.13 528 0.285
张平 120044198803019416 12.15 458 0.5875
李冰 103000198004053700 7.9 556 0.6175
郑佩佩 889143199500185913 12.22 626 0.855
候德九 118101198007018116 9.20 764 0.2625
史望亭 308206198409119664 5.15 441 0.81
李金磊 305123199304020849 3.9 698 0.2425
张淑宁 859432199703199562 12.15 527 0.6725
允旭 921598199706043994 2.7 1528 0.58
张艳杰 937507198400098400 12.23 258 0.215
张亚楠 563126199504063905 12.4 223 0.12
李春波 530273198407088759 1.22 728 0.875
公卫红 147113199108186558 4.12 625 0.8175
弭爱利 269401198802044603 3.5 1719 0.515
李义霞 129869199101060030 4.5 418 0.7325
张瑞玲 110108198207007152 3.15 1478 0.2775
张永山 362513198406112458 10.20 425 0.2675
李春波 530273198407088759 4.24 387 0.9
张春磊 827155199906025021 3.4 775 0.04
李纪阳 060033198805004571 12.1 1299 0.72
张东帅 485505198201136530 2.11 933 0.285
李永香 973102199703137184 4.27 1230 0.83
张平 120044198803019416 10.23 632 0.3625
姜淑英 325436199300193815 3.21 191 0.4925
李钰 029717199505142710 8.3 710 0.175
张瑞玲 110108198207007152 1.16 530 0.065
李钰 029717199505142710 5.6 617 0.435
李纪阳 060033198805004571 5.13 386 0.0325
马长海 329052199706050248 4.4 1802 0.29
李健康 858196199906045333 8.6 1836 0.77
刁秀菊 039199199907127627 6.19 225 0.42
遐思吾 343772199505113701 7.4 555 0.1525
李雅 393114198807108871 4.2 524 0.75
张东帅 485505198201136530 11.23 1183 0.5
李景红 065732199502115678 4.2 830 0.7675
宝景明 065382199503184704 8.19 1562 0.435
李义霞 129869199101060030 9.17 658 0.6875
李永香 973102199703137184 8.9 311 0.515
路天翔 861962199303057683 9.27 246 0.17
郑佩佩 889143199500185913 6.22 712 0.5325
遐思吾 343772199505113701 3.22 236 0.52
摩秀云 530109198409178254 11.19 873 0.2325
荣花犹 579184199101184884 12.5 721 0.3125
候德九 118101198007018116 10.16 1313 0.4825
张瑞玲 110108198207007152 6.21 1243 0.09
李依珂 348040198205158937 9.6 565 0.6175
摩秀云 530109198409178254 8.24 469 0.8425
李春绍 400810198001064861 3.5 1643 0.44
李冰 103000198004053700 11.23 157 0.1075
史望亭 308206198409119664 8.26 597 0.015
李纪阳 060033198805004571 2.13 1259 0.2625
候德九 118101198007018116 11.16 1886 0.255
允旭 921598199706043994 10.21 822 0.335
张艳杰 937507198400098400 10.17 401 0.4725
刁秀菊 039199199907127627 12.21 1154 0.09
张永力 525582199705084491 1.24 1130 0.8775
皋建杰 052072199506116755 7.9 286 0.7775
史望亭 308206198409119664 2.6 469 0.01
李义霞 129869199101060030 11.5 359 0.8875
遐思吾 343772199505113701 12.24 616 0.475
郑佩佩 889143199500185913 1.8 727 0.3225
李菲菲 770325198803019933 3.5 1781 0.2675
李钰 029717199505142710 11.18 586 0.575
宝景明 065382199503184704 2.19 1733 0.6425
李钢磊 224929199301030409 1.15 1017 0.4425
李义霞 129869199101060030 10.27 555 0.07
永时芳 667004198604107966 1.16 101 0.21
永时芳 667004198604107966 5.20 455 0.705
李菲菲 770325198803019933 12.3 1113 0.2975
桂兰 010957198607166531 2.16 668 0.54
张瑞玲 110108198207007152 2.24 1582 0.24
张东帅 485505198201136530 9.22 1695 0.4875
李健康 858196199906045333 5.4 1811 0.43
李义霞 129869199101060030 7.1 301 0.0625
张春磊 827155199906025021 6.5 505 0.38
李菲菲 770325198803019933 2.16 136 0.7075
张亚楠 563126199504063905 3.25 1643 0.4275
遐思吾 343772199505113701 7.8 620 0.5175
李雅 393114198807108871 9.14 482 0.7925
李春绍 400810198001064861 10.8 373 0.125
付友米 713482199506196541 12.23 1811 0.875
张永山 362513198406112458 11.11 195 0.38
李蒙蒙 725750199904039340 11.13 283 0.8625
郑佩佩 889143199500185913 6.22 700 0.865
孝秀芹 997003198209139023 6.3 167 0.225
公卫红 147113199108186558 8.25 534 0.79
李雅 393114198807108871 3.12 265 0.735
李冰 103000198004053700 10.27 414 0.055
刁秀菊 039199199907127627 7.19 1727 0.7975
姜淑英 325436199300193815 12.13 336 0.515
李菲菲 770325198803019933 6.23 249 0.6825
李冰 103000198004053700 3.15 353 0.0875
摩秀云 530109198409178254 8.4 1885 0.59
敛金利 944792199705025524 4.6 1731 0.7375
李景红 065732199502115678 10.8 1714 0.7875
李金磊 305123199304020849 1.15 461 0.21
桂兰 010957198607166531 12.11 683 0.8925
公卫红 147113199108186558 7.9 254 0.89
张永山 362513198406112458 8.11 231 0.4175
张永力 525582199705084491 7.10 540 0.9
张芳 830622199907197485 1.7 288 0.265
弭爱利 269401198802044603 11.11 1012 0.31
皋建杰 052072199506116755 6.6 291 0.175
张永力 525582199705084491 3.1 1697 0.655
李春波 530273198407088759 4.19 282 0.4725
史望亭 308206198409119664 1.26 555 0.6325
张东方 417118199308176678 8.11 289 0.3775
荣花犹 579184199101184884 10.22 715 0.4675
张东方 417118199308176678 6.14 162 0.73
李永香 973102199703137184 5.28 599 0.575
张春磊 827155199906025021 5.28 1546 0.4175
李菲菲 770325198803019933 10.4 549 0.6475
张淑宁 859432199703199562 2.12 346 0.0525
李金伟 356853198609086040 9.1 600 0.015
候德九 118101198007018116 12.28 1635 0.39
张永山 362513198406112458 6.20 187 0.235
敛金利 944792199705025524 1.25 594 0.745
李依珂 348040198205158937 4.18 236 0.6525
皋建杰 052072199506116755 4.26 282 0.205
张淑宁 859432199703199562 7.13 352 0.2325
李义霞 129869199101060030 5.15 180 0.9125
荣花犹 579184199101184884 4.21 394 0.245
张平 120044198803019416 2.14 623 0.2975
张艳杰 937507198400098400 9.5 498 0.285
李冰 103000198004053700 6.15 655 0.51
遐思吾 343772199505113701 8.14 277 0.4775
张东帅 485505198201136530 4.13 1797 0.2975
郑佩佩 889143199500185913 8.2 176 0.325
张春磊 827155199906025021 3.18 1762 0.0025
张亚楠 563126199504063905 10.20 103 0.4425
李金磊 305123199304020849 8.12 571 0.1475
李永香 973102199703137184 3.24 1202 0.8925
摩秀云 530109198409178254 4.20 1250 0.3725
张艳杰 937507198400098400 3.1 698 0.875
李金磊 305123199304020849 2.4 158 0.335
张艳青 541882199504079175 3.27 767 0.06
张东帅 485505198201136530 11.23 458 0.8425
张平 120044198803019416 11.17 406 0.2575
张艳杰 937507198400098400 2.3 684 0.3925
张艳青 541882199504079175 1.9 1613 0.1175
李钢磊 224929199301030409 9.5 113 0.23
李金伟 356853198609086040 3.20 327 0.365
李雅 393114198807108871 8.4 703 0.895
李金磊 305123199304020849 4.21 344 0.2
路天翔 861962199303057683 1.24 508 0.425
李蒙蒙 725750199904039340 5.19 1501 0.9125
张平 120044198803019416 9.14 330 0.1475
张艳青 541882199504079175 5.3 368 0.0125
李蒙蒙 725750199904039340 12.6 434 0.4675
